[index_131.jpg]
filters=glow2=1,0.650000,3.000000;
moddate=308aa5226fedce01
width=349
height=315
textactive=0
